3039	1036	20
-0.4066820740699768	-6.248358726501465	1.3799164295196533	0.9776681661605835	0.4844936728477478	1.0	14	0.0	0	0.0	0	-0.35899797081947327	0.07730166614055634	0.930131733417511	-0.9327076077461243	-0.06634262204170227	-0.3544785678386688	0.034305594861507416	-0.9947980642318726	0.09591672569513321
-0.5428048968315125	-6.809846878051758	1.3740421533584595	0.9916875958442688	0.5324466824531555	1.0	14	0.0	0	0.0	0	-0.35899797081947327	0.07730166614055634	0.930131733417511	-0.932707667350769	-0.06634262204170227	-0.3544785678386688	0.03430559113621712	-0.9947980642318726	0.0959167331457138
-0.3996764123439789	-6.809846878051758	1.429284691810608	0.9799976944923401	0.5333313941955566	1.0	14	0.0	0	0.0	0	-0.35899797081947327	0.07730166614055634	0.930131733417511	-0.932707667350769	-0.06634262949228287	-0.3544785678386688	0.034305598586797714	-0.9947980642318726	0.0959167331457138
-0.8756105303764343	0.2538881301879883	0.7493230700492859	0.8322063684463501	0.5971214771270752	1.0	8	0.0	0	0.0	0	-0.10091979056596756	0.9704307913780212	0.21927011013031006	0.9948180317878723	0.09569727629423141	0.03433777019381523	0.012338878586888313	0.22159922122955322	-0.9750598073005676
-0.5094695091247559	0.22879409790039062	1.028900146484375	0.8631433248519897	0.5731552839279175	0.5	9	0.5	8	0.0	0	-0.10091979056596756	0.9704307913780212	0.21927011013031006	0.9948180913925171	0.09569728374481201	0.03433777019381523	0.012338874861598015	0.22159919142723083	-0.9750597476959229
-0.5067839622497559	0.2911200523376465	0.754298210144043	0.8636756539344788	0.5978177785873413	1.0	8	0.0	0	0.0	0	-0.10091979056596756	0.9704307913780212	0.21927011013031006	0.9948180913925171	0.09569728374481201	0.03433777019381523	0.012338876724243164	0.22159920632839203	-0.9750597476959229
-0.1209527850151062	-0.03034687042236328	0.6144329905509949	0.39170393347740173	0.05934464558959007	1.0	8	0.0	0	0.0	0	0.9309059977531433	0.03632503002882004	0.3634481132030487	-0.3651012182235718	0.06330661475658417	0.9288129210472107	0.01073048822581768	-0.9973328113555908	0.07219481468200684
-0.23451277613639832	0.20269012451171875	0.8820051550865173	0.41578537225723267	0.04011070355772972	0.5	9	0.5	8	0.0	0	0.9309059977531433	0.03632503002882004	0.3634481132030487	-0.3651012182235718	0.06330661475658417	0.9288129210472107	0.01073048822581768	-0.9973328113555908	0.07219481468200684
-0.2152189314365387	-0.0621795654296875	0.8590600490570068	0.41219332814216614	0.06368806213140488	0.5	9	0.5	8	0.0	0	0.9309059977531433	0.03632503002882004	0.3634481132030487	-0.3651012182235718	0.06330661475658417	0.9288129210472107	0.01073048822581768	-0.9973328113555908	0.07219481468200684
-0.5094695091247559	0.22879409790039062	1.028900146484375	0.0	0.0	0.5	9	0.5	8	0.0	0	0.0	0.0	0.0	1.0	0.0	0.0	0.0	0.0	0.0
-0.862614095211029	0.1653609275817871	1.0258514881134033	0.0	0.0	0.5	9	0.5	8	0.0	0	0.0	0.0	0.0	1.0	0.0	0.0	0.0	0.0	0.0
-0.7828312516212463	0.2266836166381836	-0.6461670398712158	0.6795256733894348	0.6257603168487549	1.0	4	0.0	0	0.0	0	-0.8634551763534546	0.4426864981651306	-0.2418133169412613	-0.2459535300731659	0.049052800983190536	0.9680396318435669	0.440399706363678	0.8953336477279663	0.0665254071354866
-0.847174346446991	-0.0621795654296875	-0.9452342987060547	0.6528059840202332	0.6013153791427612	0.5	5	0.5	4	0.0	0	-0.8634551763534546	0.4426864981651306	-0.2418133169412613	-0.2459535449743271	0.04905279725790024	0.9680396318435669	0.44039976596832275	0.8953337669372559	0.06652543693780899
-0.9194246530532837	-0.030202388763427734	-0.6287059783935547	0.6800317764282227	0.6027387976646423	1.0	4	0.0	0	0.0	0	-0.8634551763534546	0.4426864981651306	-0.2418133169412613	-0.2459535449743271	0.04905279725790024	0.9680396318435669	0.440399706363678	0.8953336477279663	0.0665254220366478
-0.5141960978507996	-2.2150983810424805	-0.9042781591415405	0.8715021014213562	0.40273019671440125	1.0	0	0.0	0	0.0	0	-0.20740661025047302	0.2165004462003708	-0.9539968967437744	-0.977676510810852	-0.07940340787172318	0.19453489780426025	-0.03363371267914772	0.9730481505393982	0.22813619673252106
-0.8506069779396057	-2.5291647911071777	-0.902414083480835	0.9025252461433411	0.3773874044418335	0.5	17	0.5	16	0.0	0	-0.20740661025047302	0.2165004462003708	-0.9539968967437744	-0.977676510810852	-0.07940341532230377	0.19453489780426025	-0.03363372012972832	0.9730481505393982	0.22813619673252106
-0.8642798066139221	-2.2150983810424805	-0.8281671404838562	0.90131676197052	0.4052430987358093	1.0	0	0.0	0	0.0	0	-0.20740661025047302	0.2165004462003708	-0.9539968967437744	-0.9776764512062073	-0.07940340787172318	0.19453488290309906	-0.03363372012972832	0.973048210144043	0.22813621163368225
-0.992601215839386	0.0032987594604492188	0.3558708131313324	0.7642442584037781	0.6011625528335571	1.0	2	0.0	0	0.0	0	-0.9416928887367249	0.3289007544517517	0.07098492980003357	0.08456123620271683	0.027139708399772644	0.996048629283905	0.3256746232509613	0.9439744353294373	-0.05336952209472656
-0.9152831435203552	0.29520559310913086	0.029061999171972275	0.7378888130187988	0.6334763169288635	1.0	2	0.0	0	0.0	0	-0.9416928887367249	0.3289007544517517	0.07098492980003357	0.08456123620271683	0.02713971771299839	0.9960486888885498	0.3256746530532837	0.943974494934082	-0.053369536995887756
-1.0057458877563477	0.03623199462890625	0.028899850323796272	0.7365190386772156	0.6056573390960693	1.0	2	0.0	0	0.0	0	-0.9416928887367249	0.3289007544517517	0.07098492980003357	0.08456123620271683	0.027139712125062943	0.996048629283905	0.3256746232509613	0.9439744353294373	-0.05336952954530716
-0.10319295525550842	0.27848005294799805	-0.3212334215641022	0.31398481130599976	0.025559941306710243	0.5	4	0.5	2	0.0	0	0.9564505815505981	0.276327908039093	-0.09404873847961426	0.07630132883787155	0.07431493699550629	0.994311511516571	0.2817452549934387	-0.9581858515739441	0.04999437555670738
0.0012238919734954834	0.03623199462890625	0.02890053577721119	0.3424413204193115	0.04967908561229706	1.0	2	0.0	0	0.0	0	0.9564505815505981	0.276327908039093	-0.09404873847961426	0.07630132883787155	0.07431494444608688	0.9943115711212158	0.2817452847957611	-0.9581859111785889	0.04999438673257828
-0.022359579801559448	0.0017747879028320312	-0.31217700242996216	0.31313851475715637	0.050484657287597656	1.0	2	0.0	0	0.0	0	0.9564505815505981	0.276327908039093	-0.09404873847961426	0.07630133628845215	0.07431494444608688	0.9943115711212158	0.2817452847957611	-0.9581859111785889	0.04999437928199768
-0.8238844275474548	0.469480037689209	0.02711472101509571	0.7998960614204407	0.862686812877655	1.0	2	0.0	0	0.0	0	-0.9875538349151611	-0.15583236515522003	-0.02130238711833954	0.1557680070400238	-0.9877827763557434	0.004657740239053965	-0.021767955273389816	0.001281538512557745	0.999762237071991
-0.8329823613166809	0.5603132247924805	-0.21558350324630737	0.7920764684677124	0.8409397602081299	1.0	3	0.0	0	0.0	0	-0.9875538349151611	-0.15583236515522003	-0.02130238711833954	0.1557680070400238	-0.9877827763557434	0.004657739773392677	-0.021767955273389816	0.0012815380468964577	0.999762237071991
-0.8146742582321167	0.4424476623535156	-0.20210929214954376	0.802158534526825	0.8420993685722351	1.0	2	0.0	0	0.0	0	-0.9875538349151611	-0.15583236515522003	-0.02130238711833954	0.1557680070400238	-0.9877827763557434	0.004657739773392677	-0.021767955273389816	0.0012815380468964577	0.999762237071991
-0.5079445838928223	-2.7300877571105957	-0.13398398458957672	0.37956002354621887	0.6585959196090698	0.5	17	0.5	0	0.0	0	-3.9370323065668344e-05	-1.0	0.0002458095259498805	-0.027417616918683052	0.00024679655325599015	0.9996240735054016	-0.9996240139007568	3.2616007956676185e-05	-0.0274176225066185
-0.8959205746650696	-2.730032444000244	0.028899742290377617	0.39432376623153687	0.6929415464401245	1.0	0	0.0	0	0.0	0	-3.9370323065668344e-05	-1.0	0.0002458095259498805	-0.027417616918683052	0.0002467965241521597	0.9996240139007568	-0.9996240735054016	3.2616007956676185e-05	-0.027417626231908798
-0.8877777457237244	-2.7300877571105957	-0.1948203295469284	0.37520870566368103	0.6927618384361267	0.5	17	0.5	0	0.0	0	-3.9370323065668344e-05	-1.0	0.0002458095259498805	-0.0274176187813282	0.00024679655325599015	0.9996240735054016	-0.9996240139007568	3.2616007956676185e-05	-0.02741762436926365
-0.053714483976364136	-1.9377326965332031	-0.20204119384288788	0.310260146856308	0.22474738955497742	1.0	0	0.0	0	0.0	0	0.9926679730415344	-0.04960506409406662	-0.11022534966468811	0.11373429745435715	0.07457288354635239	0.990708589553833	-0.04092433676123619	-0.995980978012085	0.07966790348291397
-0.007637649774551392	-1.5291647911071777	0.029048684984445572	0.3325851559638977	0.18976391851902008	1.0	1	0.0	0	0.0	0	0.9926679730415344	-0.04960506409406662	-0.11022534966468811	0.11373429745435715	0.07457288354635239	0.990708589553833	-0.04092433676123619	-0.995980978012085	0.07966790348291397
-0.028530031442642212	-1.9470114707946777	0.028940841555595398	0.3299131989479065	0.22713212668895721	1.0	0	0.0	0	0.0	0	0.9926679730415344	-0.04960506409406662	-0.11022534966468811	0.11373429000377655	0.07457287609577179	0.9907085299491882	-0.04092434048652649	-0.9959810376167297	0.07966790348291397
-0.9850770831108093	-1.9390335083007812	0.2556953728199005	0.7470273375511169	0.4275543689727783	1.0	0	0.0	0	0.0	0	-0.9981906414031982	-0.050352271646261215	0.03286296874284744	0.03021373227238655	0.052501238882541656	0.9981637001037598	-0.051985155791044235	0.9973505735397339	-0.0508849136531353
-1.013214111328125	-1.5291647911071777	0.02904820628464222	0.7295580506324768	0.4653685688972473	1.0	1	0.0	0	0.0	0	-0.9981906414031982	-0.050352271646261215	0.03286296874284744	0.03021373227238655	0.052501242607831955	0.9981637597084045	-0.051985159516334534	0.9973506331443787	-0.0508849173784256
-0.992139995098114	-1.9470114707946777	0.02894040197134018	0.7276599407196045	0.42790839076042175	1.0	0	0.0	0	0.0	0	-0.9981906414031982	-0.050352271646261215	0.03286296874284744	0.03021373227238655	0.052501242607831955	0.9981637001037598	-0.051985155791044235	0.9973505735397339	-0.0508849173784256
-0.5213824510574341	-1.1184253692626953	-0.740365207195282	0.8637913465499878	0.5000548958778381	1.0	1	0.0	0	0.0	0	5.711867743229959e-07	-0.036463264375925064	-0.9993350505828857	-0.995966374874115	-0.08966802805662155	0.003271195339038968	-0.08972766995429993	0.9953039884567261	-0.03631623461842537
-0.8215831518173218	-1.5291647911071777	-0.7253785133361816	0.892479419708252	0.465735524892807	1.0	1	0.0	0	0.0	0	5.711867743229959e-07	-0.036463264375925064	-0.9993350505828857	-0.9959663152694702	-0.08966802060604095	0.0032711951062083244	-0.08972766995429993	0.9953040480613708	-0.03631623461842537
-0.8347787261009216	-1.1184253692626953	-0.7403653860092163	0.89045250415802	0.5025784969329834	1.0	1	0.0	0	0.0	0	5.711867743229959e-07	-0.036463264375925064	-0.9993350505828857	-0.995966374874115	-0.08966802805662155	0.0032711955718696117	-0.08972766995429993	0.9953039884567261	-0.03631623461842537
-0.911101758480072	-1.5291647911071777	-0.4802403748035431	0.6859984993934631	0.4676979184150696	1.0	1	0.0	0	0.0	0	-0.92043536901474	0.04920194298028946	-0.38778576254844666	-0.38577690720558167	0.04566612467169762	0.921461284160614	0.06304635852575302	0.9977443814277649	-0.02305174432694912
-0.8262680172920227	-1.8742003440856934	-0.7253767251968384	0.6634503602981567	0.43787500262260437	1.0	0	0.0	0	0.0	0	-0.92043536901474	0.04920194298028946	-0.38778576254844666	-0.38577690720558167	0.04566612094640732	0.921461284160614	0.06304635852575302	0.9977443218231201	-0.02305174246430397
-0.9225184321403503	-1.9059662818908691	-0.5009503960609436	0.6825649738311768	0.43403270840644836	1.0	0	0.0	0	0.0	0	-0.92043536901474	0.04920194298028946	-0.38778576254844666	-0.3857768774032593	0.04566612467169762	0.9214612245559692	0.06304635852575302	0.9977443218231201	-0.02305174618959427
-0.5019094944000244	-1.8742003440856934	0.8472101092338562	0.9650999307632446	0.13928326964378357	1.0	0	0.0	0	0.0	0	-0.20456723868846893	0.0021254499442875385	0.978850245475769	-0.9768067598342896	-0.06506060063838959	-0.2039988934993744	0.06325099617242813	-0.9978790283203125	0.015385420992970467
-0.826225996017456	-1.5291647911071777	0.7786828875541687	0.9908087253570557	0.10644979029893875	1.0	1	0.0	0	0.0	0	-0.20456723868846893	0.0021254499442875385	0.978850245475769	-0.9768068790435791	-0.06506060063838959	-0.20399893820285797	0.06325098872184753	-0.9978790283203125	0.015385419130325317
-0.8438602089881897	-1.8742003440856934	0.775746762752533	0.9940807223320007	0.1372436285018921	1.0	0	0.0	0	0.0	0	-0.20456723868846893	0.0021254499442875385	0.978850245475769	-0.9768068194389343	-0.06506060063838959	-0.20399892330169678	0.06325099617242813	-0.9978790879249573	0.015385420992970467
-0.16307562589645386	-1.90571928024292	0.5008372664451599	0.37015751004219055	0.22637911140918732	1.0	0	0.0	0	0.0	0	0.9099718928337097	0.14424748718738556	0.3887723982334137	-0.4003922641277313	0.06174144521355629	0.914261519908905	0.10787656158208847	-0.9876136779785156	0.11393855512142181
-0.29414400458335876	-1.5291647911071777	0.6679054498672485	0.38655564188957214	0.1936165690422058	1.0	1	0.0	0	0.0	0	0.9099718928337097	0.14424748718738556	0.3887723982334137	-0.40039223432540894	0.06174145266413689	0.9142614603042603	0.10787655413150787	-0.9876136183738708	0.11393856257200241
-0.2671607732772827	-1.8742003440856934	0.7327674031257629	0.3899492621421814	0.22495689988136292	1.0	0	0.0	0	0.0	0	0.9099718928337097	0.14424748718738556	0.3887723982334137	-0.4003922641277313	0.06174144893884659	0.914261519908905	0.10787655413150787	-0.9876136779785156	0.11393856257200241
-0.007637649774551392	-1.5291647911071777	0.029048684984445572	0.3325851559638977	0.18976391851902008	1.0	1	0.0	0	0.0	0	0.9927834272384644	-0.04966745898127556	0.10915199667215347	-0.10546716302633286	0.07158732414245605	0.9918426871299744	-0.05707620456814766	-0.996196985244751	0.06583242118358612
-0.05306157469749451	-1.9390335083007812	0.25569579005241394	0.34923839569091797	0.22788231074810028	1.0	0	0.0	0	0.0	0	0.9927834272384644	-0.04966745898127556	0.10915199667215347	-0.10546717047691345	0.07158733159303665	0.9918427467346191	-0.057076212018728256	-0.996196985244751	0.06583242863416672
-0.028530031442642212	-1.9470114707946777	0.028940841555595398	0.3299131989479065	0.22713212668895721	1.0	0	0.0	0	0.0	0	0.9927834272384644	-0.04966745898127556	0.10915199667215347	-0.10546717047691345	0.07158733159303665	0.9918427467346191	-0.05707620084285736	-0.9961969256401062	0.06583242118358612
-0.9234223961830139	-1.90571928024292	0.5705623030662537	0.7739579081535339	0.4290241599082947	1.0	0	0.0	0	0.0	0	-0.9785853624343872	-0.05736086517572403	0.19768767058849335	0.1947740763425827	0.05263402312994003	0.9794348478317261	-0.06658633053302765	0.9969650506973267	-0.04033447802066803
-1.0028190612792969	-1.5291647911071777	0.2867968678474426	0.7515293955802917	0.4641520082950592	1.0	1	0.0	0	0.0	0	-0.9785853624343872	-0.05736086517572403	0.19768767058849335	0.1947740912437439	0.05263402685523033	0.9794349074363708	-0.06658633053302765	0.9969651103019714	-0.04033447802066803
-0.9850770831108093	-1.9390335083007812	0.2556953728199005	0.7470273375511169	0.4275543689727783	1.0	0	0.0	0	0.0	0	-0.9785853624343872	-0.05736086517572403	0.19768767058849335	0.19477412104606628	0.05263403430581093	0.9794349670410156	-0.06658633798360825	0.9969651699066162	-0.04033448174595833
-0.9643409848213196	-0.03034687042236328	0.6899138689041138	0.7925515174865723	0.5965615510940552	1.0	8	0.0	0	0.0	0	-0.9425903558731079	0.31480446457862854	0.11145155131816864	0.1346157193183899	0.05275336280465126	0.9894925951957703	0.3056173026561737	0.947689414024353	-0.09210246056318283
-0.88934725522995	0.2942070960998535	0.4074353873729706	0.7698168754577637	0.6269293427467346	0.5	8	0.5	2	0.0	0	-0.9425903558731079	0.31480446457862854	0.11145155131816864	0.1346157193183899	0.05275336652994156	0.989492654800415	0.3056173026561737	0.9476894736289978	-0.09210244566202164
-0.992601215839386	0.0032987594604492188	0.3558708131313324	0.7642442584037781	0.6011625528335571	1.0	2	0.0	0	0.0	0	-0.9425903558731079	0.31480446457862854	0.11145155131816864	0.1346157342195511	0.05275337025523186	0.9894927144050598	0.3056172728538513	0.947689414024353	-0.09210245311260223
0.0012238919734954834	0.03623199462890625	0.02890053577721119	0.3424413204193115	0.04967908561229706	1.0	2	0.0	0	0.0	0	0.9885679483413696	0.1271946281194687	0.08096182346343994	-0.09059976041316986	0.0719023048877716	0.9932883381843567	0.12051961570978165	-0.9892682433128357	0.08260412514209747
-0.05769643187522888	0.2811551094055176	0.3635501563549042	0.3723946809768677	0.0298920925706625	0.5	8	0.5	2	0.0	0	0.9885679483413696	0.1271946281194687	0.08096182346343994	-0.09059976041316986	0.0719023123383522	0.9932883381843567	0.12051961570978165	-0.9892682433128357	0.08260413259267807
-0.02131703495979309	0.0032987594604492188	0.3558715581893921	0.370047390460968	0.05475381389260292	1.0	2	0.0	0	0.0	0	0.9885679483413696	0.1271946281194687	0.08096182346343994	-0.09059975296258926	0.0719023123383522	0.9932883381843567	0.12051961570978165	-0.9892682433128357	0.08260413259267807
-0.17992189526557922	0.469480037689209	0.027115188539028168	0.34473803639411926	0.010666795074939728	1.0	2	0.0	0	0.0	0	0.9866023659706116	-0.15703687071800232	-0.04421941190958023	0.05642521753907204	0.07413649559020996	0.995650589466095	-0.15307556092739105	-0.98480623960495	0.08200407773256302
-0.17464125156402588	0.5604133605957031	-0.17799809575080872	0.3278491497039795	0.0011830691946670413	1.0	3	0.0	0	0.0	0	0.9866023659706116	-0.15703687071800232	-0.04421941190958023	0.05642521381378174	0.07413650304079056	0.9956505298614502	-0.15307556092739105	-0.9848061800003052	0.08200408518314362
-0.16090810298919678	0.588935375213623	0.027118820697069168	0.34551966190338135	0.0	1.0	3	0.0	0	0.0	0	0.9866023659706116	-0.15703687071800232	-0.04421941190958023	0.05642520636320114	0.07413649559020996	0.9956504702568054	-0.15307554602622986	-0.9848061203956604	0.08200407773256302
-0.5094690322875977	-2.734201431274414	0.19217178225517273	0.4073954224586487	0.6579090356826782	0.5	13	0.5	0	0.0	0	-0.07497132569551468	-0.9854885935783386	0.152287557721138	-0.0180092453956604	0.15403056144714355	0.9879019260406494	-0.9970231056213379	0.0713217481970787	-0.02929578348994255
-0.8959205746650696	-2.730032444000244	0.028899742290377617	0.39432376623153687	0.6929415464401245	1.0	0	0.0	0	0.0	0	-0.07497132569551468	-0.9854885935783386	0.152287557721138	-0.01800924725830555	0.15403056144714355	0.9879019856452942	-0.9970230460166931	0.07132174074649811	-0.02929578348994255
-0.5094689130783081	-2.759431838989258	0.028899921104311943	0.3934043347835541	0.6581767797470093	1.0	0	0.0	0	0.0	0	-0.07497132569551468	-0.9854885935783386	0.152287557721138	-0.0180092453956604	0.15403056144714355	0.9879019260406494	-0.9970231056213379	0.07132174074649811	-0.02929578348994255
-1.013214111328125	-1.5291647911071777	0.02904820628464222	0.7295580506324768	0.4653685688972473	1.0	1	0.0	0	0.0	0	-0.9978883862495422	-0.050317950546741486	-0.04107102379202843	-0.04368380457162857	0.05197565630078316	0.9976924061775208	-0.04806714504957199	0.9973798394203186	-0.054063983261585236
-0.9831011295318604	-1.9377326965332031	-0.2020416110754013	0.7079897522926331	0.4298190474510193	1.0	0	0.0	0	0.0	0	-0.9978883862495422	-0.050317950546741486	-0.04107102379202843	-0.04368380829691887	0.05197565630078316	0.9976924657821655	-0.04806714504957199	0.9973798990249634	-0.054063986986875534
-0.992139995098114	-1.9470114707946777	0.02894040197134018	0.7276599407196045	0.42790839076042175	1.0	0	0.0	0	0.0	0	-0.9978883862495422	-0.050317950546741486	-0.04107102379202843	-0.04368380829691887	0.05197566747665405	0.9976925253868103	-0.04806715250015259	0.9973799586296082	-0.05406399816274643
-0.16073250770568848	-1.9059662818908691	-0.431410014629364	0.2907600700855255	0.2202581912279129	1.0	0	0.0	0	0.0	0	0.9021100997924805	-0.05298255756497383	-0.4282408654689789	0.4311829209327698	0.07228980213403702	0.8993639349937439	-0.016693152487277985	-0.9959753751754761	0.08805852383375168
-0.04541274905204773	-1.5291647911071777	-0.23510177433490753	0.3100293278694153	0.18797510862350464	1.0	1	0.0	0	0.0	0	0.9021100997924805	-0.05298255756497383	-0.4282408654689789	0.4311828911304474	0.07228980213403702	0.8993638753890991	-0.016693152487277985	-0.9959753751754761	0.08805853873491287
-0.053714483976364136	-1.9377326965332031	-0.20204119384288788	0.310260146856308	0.22474738955497742	1.0	0	0.0	0	0.0	0	0.9021100997924805	-0.05298255756497383	-0.4282408654689789	0.43118298053741455	0.07228980958461761	0.8993639945983887	-0.016693152487277985	-0.9959754943847656	0.08805853873491287
-0.5876517295837402	-6.26865291595459	0.999768078327179	0.08808419853448868	0.711155116558075	1.0	14	0.0	0	0.0	0	-0.33437415957450867	-0.17444323003292084	-0.926155149936676	-0.9348822236061096	-0.06281416863203049	0.349356085062027	-0.11911846697330475	0.9826616048812866	-0.14208044111728668
-0.3996763825416565	-6.808889865875244	1.033657193183899	0.07633594423532486	0.6629202365875244	1.0	14	0.0	0	0.0	0	-0.33437415957450867	-0.17444323003292084	-0.926155149936676	-0.9348822236061096	-0.06281417608261108	0.34935611486434937	-0.11911848187446594	0.9826616644859314	-0.14208044111728668
-0.5746076107025146	-6.808889865875244	1.096813440322876	0.09077861905097961	0.6639456748962402	1.0	14	0.0	0	0.0	0	-0.33437415957450867	-0.17444323003292084	-0.926155149936676	-0.9348822236061096	-0.06281416863203049	0.349356085062027	-0.11911846697330475	0.9826616048812866	-0.14208044111728668
-0.7828312516212463	0.2266836166381836	-0.6461670398712158	0.8353862166404724	0.722560465335846	1.0	4	0.0	0	0.0	0	-0.18873031437397003	0.9701194167137146	-0.1524771749973297	0.9799971580505371	0.1960383951663971	0.03427061066031456	0.0631379634141922	-0.14295929670333862	-0.9877126812934875
-0.5040736794471741	0.3182082176208496	-0.40888696908950806	0.8609834909439087	0.7021663784980774	1.0	4	0.0	0	0.0	0	-0.18873031437397003	0.9701194167137146	-0.1524771749973297	0.9799971580505371	0.1960383951663971	0.03427060320973396	0.0631379559636116	-0.14295931160449982	-0.9877126812934875
-0.5067712068557739	0.273500919342041	-0.6899933815002441	0.8591392040252686	0.7273539900779724	1.0	4	0.0	0	0.0	0	-0.18873031437397003	0.9701194167137146	-0.1524771749973297	0.9799972176551819	0.1960383951663971	0.03427060693502426	0.0631379559636116	-0.14295929670333862	-0.9877126216888428
-0.16592535376548767	0.22452211380004883	-0.5708856582641602	0.2922857105731964	0.028664398938417435	1.0	4	0.0	0	0.0	0	0.9215377569198608	0.23457102477550507	-0.30942609906196594	0.3003906011581421	0.07425723969936371	0.950921356678009	0.24603572487831116	-0.9692586064338684	-0.002032086020335555
-0.022359579801559448	0.0017747879028320312	-0.31217700242996216	0.31313851475715637	0.050484657287597656	1.0	2	0.0	0	0.0	0	0.9215377569198608	0.23457102477550507	-0.30942609906196594	0.3003906011581421	0.07425723969936371	0.9509212970733643	0.24603573977947235	-0.9692586660385132	-0.0020320862531661987
-0.09323376417160034	-0.03802156448364258	-0.553424596786499	0.29223185777664185	0.052366919815540314	1.0	4	0.0	0	0.0	0	0.9215377569198608	0.23457102477550507	-0.30942609906196594	0.3003906011581421	0.07425723224878311	0.9509212970733643	0.24603573977947235	-0.9692586660385132	-0.0020320937037467957
-1.0057458877563477	0.03623199462890625	0.028899850323796272	0.7365190386772156	0.6056573390960693	1.0	2	0.0	0	0.0	0	-0.925589382648468	0.37089207768440247	-0.07565377652645111	-0.060711998492479324	0.05181566998362541	0.9968094825744629	0.37362879514694214	0.9272293448448181	-0.02544243447482586
-0.8854565024375916	0.26500368118286133	-0.3212341368198395	0.7075327634811401	0.6277311444282532	0.5	4	0.5	2	0.0	0	-0.925589382648468	0.37089207768440247	-0.07565377652645111	-0.060711998492479324	0.05181566998362541	0.9968095421791077	0.37362879514694214	0.9272292852401733	-0.02544243074953556
-0.9916749596595764	0.0017747879028320312	-0.3121776878833771	0.7072576284408569	0.6041622757911682	1.0	2	0.0	0	0.0	0	-0.925589382648468	0.37089207768440247	-0.07565377652645111	-0.060711998492479324	0.05181567743420601	0.9968095421791077	0.37362879514694214	0.9272292852401733	-0.025442438200116158
-0.8329823613166809	0.5603132247924805	-0.21558350324630737	0.7110695242881775	0.8056928515434265	1.0	3	0.0	0	0.0	0	-0.9466491341590881	-0.32226619124412537	-2.8618294891202822e-05	-0.026365574449300766	0.07735972851514816	0.9966546297073364	-0.3211858570575714	0.9434828758239746	-0.08172924816608429
-0.882278323173523	0.7050971984863281	0.02889985963702202	0.7322379350662231	0.8207705616950989	1.0	3	0.0	0	0.0	0	-0.9466491341590881	-0.32226619124412537	-2.8618294891202822e-05	-0.02636556699872017	0.07735971361398697	0.9966545104980469	-0.3211858570575714	0.9434828758239746	-0.08172924071550369
-0.8682680130004883	0.663975715637207	-0.3478947579860687	0.6928957104682922	0.8193473815917969	1.0	3	0.0	0	0.0	0	-0.9466491341590881	-0.32226619124412537	-2.8618294891202822e-05	-0.02636556886136532	0.07735972106456757	0.9966545104980469	-0.3211858570575714	0.9434828758239746	-0.08172924071550369
-0.17464125156402588	0.5604133605957031	-0.17799809575080872	0.7142792344093323	0.7467101812362671	1.0	3	0.0	0	0.0	0	0.267550528049469	-0.9566433429718018	0.11511038988828659	0.005829589907079935	0.12107057869434357	0.9926267266273499	-0.96352618932724	-0.26490673422813416	0.03796933591365814
0.05950644612312317	0.650794506072998	0.028900574892759323	0.7321286797523499	0.7261911034584045	1.0	3	0.0	0	0.0	0	0.267550528049469	-0.9566433429718018	0.11511038988828659	0.0058295875787734985	0.12107058614492416	0.9926267862319946	-0.9635262489318848	-0.26490676403045654	0.037969332188367844
-0.16090810298919678	0.588935375213623	0.027118820697069168	0.7318520545959473	0.745606541633606	1.0	3	0.0	0	0.0	0	0.267550528049469	-0.9566433429718018	0.11511038988828659	0.005829588044434786	0.12107059359550476	0.9926268458366394	-0.96352618932724	-0.26490673422813416	0.037969332188367844
-0.8238844275474548	0.469480037689209	0.02711472101509571	0.7998960614204407	0.862686812877655	1.0	2	0.0	0	0.0	0	-0.9875537157058716	-0.15583296120166779	0.021301457658410072	0.15596474707126617	-0.9877516031265259	0.004661938175559044	0.020314065739512444	0.007926191203296185	0.999762237071991
-0.8334137797355652	0.5615792274475098	0.25908681750297546	0.7920764684677124	0.8835362792015076	1.0	3	0.0	0	0.0	0	-0.9875537157058716	-0.15583296120166779	0.021301457658410072	0.15596474707126617	-0.9877516031265259	0.004661938175559044	0.020314065739512444	0.007926191203296185	0.999762237071991
-0.8427340388298035	0.588935375213623	0.027118325233459473	0.7896809577941895	0.8627377152442932	1.0	3	0.0	0	0.0	0	-0.9875537157058716	-0.15583296120166779	0.021301457658410072	0.15596474707126617	-0.9877516031265259	0.004661938175559044	0.020314065739512444	0.007926191203296185	0.999762237071991
-0.17992189526557922	0.469480037689209	0.027115188539028168	0.34473803639411926	0.010666795074939728	1.0	2	0.0	0	0.0	0	0.9877583980560303	-0.15031422674655914	0.04170193150639534	-0.030977165326476097	0.07299809157848358	0.9968509078025818	-0.15288501977920532	-0.9859395623207092	0.06744816154241562
-0.17412853240966797	0.5614790916442871	0.2215024083852768	0.3618820905685425	0.0037221394013613462	1.0	3	0.0	0	0.0	0	0.9877583980560303	-0.15031422674655914	0.04170193150639534	-0.030977165326476097	0.07299809157848358	0.9968509078025818	-0.15288501977920532	-0.9859395623207092	0.06744816154241562
-0.19238466024398804	0.44359683990478516	0.22901439666748047	0.3617516756057739	0.014298605732619762	1.0	2	0.0	0	0.0	0	0.9877583980560303	-0.15031422674655914	0.04170193150639534	-0.030977165326476097	0.07299809157848358	0.9968509078025818	-0.15288501977920532	-0.9859395623207092	0.06744816154241562
-0.8146742582321167	0.4424476623535156	-0.20210929214954376	0.6907872557640076	0.7848606109619141	1.0	2	0.0	0	0.0	0	-0.09577800333499908	0.1399274319410324	-0.9855185747146606	-0.0013323661405593157	-0.9900873899459839	-0.14044663310050964	-0.9954018592834473	-0.012138626538217068	0.0950150266289711
-0.503835916519165	0.5603132247924805	-0.21558326482772827	0.6806467771530151	0.7569758892059326	1.0	3	0.0	0	0.0	0	-0.09577800333499908	0.1399274319410324	-0.9855185747146606	-0.0013323661405593157	-0.9900873899459839	-0.14044663310050964	-0.9954018592834473	-0.012138626538217068	0.0950150266289711
-0.5038061141967773	0.4467611312866211	-0.23170869052410126	0.6902740597724915	0.7569594979286194	1.0	2	0.0	0	0.0	0	-0.09577800333499908	0.1399274319410324	-0.9855185747146606	-0.0013323648599907756	-0.9900873899459839	-0.14044663310050964	-0.9954018592834473	-0.012138627469539642	0.0950150266289711
-0.19238466024398804	0.44359683990478516	0.22901439666748047	0.8043805956840515	0.635138988494873	1.0	2	0.0	0	0.0	0	0.16931481659412384	0.2008945792913437	0.9648699164390564	-0.005837580654770136	0.9791920185089111	-0.20285220444202423	-0.985544741153717	0.028713375329971313	0.16696444153785706
-0.5037469863891602	0.5615792274475098	0.25908708572387695	0.8144208788871765	0.6631339192390442	1.0	3	0.0	0	0.0	0	0.16931481659412384	0.2008945792913437	0.9648699164390564	-0.005837582983076572	0.9791920185089111	-0.20285218954086304	-0.9855446815490723	0.028713367879390717	0.16696444153785706
-0.5037221312522888	0.46043872833251953	0.28014108538627625	0.8057350516319275	0.6631860136985779	1.0	2	0.0	0	0.0	0	0.16931481659412384	0.2008945792913437	0.9648699164390564	-0.005837580189108849	0.9791920185089111	-0.20285220444202423	-0.9855448007583618	0.028713379055261612	0.16696444153785706
-0.8150816559791565	0.44364261627197266	0.24620141088962555	0.8044200539588928	0.6910447478294373	1.0	2	0.0	0	0.0	0	-8.08798972684599e-07	-0.1086108461022377	0.9940842986106873	0.0020063684787601233	0.9940823316574097	0.10861063003540039	-0.9999980330467224	0.001994587481021881	0.00021710939472541213
-0.5037469863891602	0.5615792274475098	0.25908708572387695	0.8144208788871765	0.6631339192390442	1.0	3	0.0	0	0.0	0	-8.08798972684599e-07	-0.1086108461022377	0.9940842986106873	0.0020063684787601233	0.9940823912620544	0.10861063748598099	-0.9999979734420776	0.0019945872481912374	0.0002171093801734969
-0.8334137797355652	0.5615792274475098	0.25908681750297546	0.814461350440979	0.692710816860199	1.0	3	0.0	0	0.0	0	-8.08798972684599e-07	-0.1086108461022377	0.9940842986106873	0.0020063684787601233	0.9940823316574097	0.10861063003540039	-0.9999980330467224	0.001994587481021881	0.00021710939472541213
-0.1929159164428711	0.4424934387207031	-0.1849212795495987	0.6907872557640076	0.7290617227554321	1.0	2	0.0	0	0.0	0	0.11332983523607254	0.040720321238040924	-0.9927226901054382	-0.0012499750591814518	-0.9991531372070312	-0.041126787662506104	-0.9935566782951355	0.005901770666241646	-0.11318295449018478
-0.503835916519165	0.5603132247924805	-0.21558326482772827	0.6806467771530151	0.7569758892059326	1.0	3	0.0	0	0.0	0	0.11332983523607254	0.040720321238040924	-0.9927226901054382	-0.00124997494276613	-0.9991531372070312	-0.041126787662506104	-0.9935566782951355	0.005901770666241646	-0.11318295449018478
-0.17464125156402588	0.5604133605957031	-0.17799809575080872	0.6807500123977661	0.7274350523948669	1.0	3	0.0	0	0.0	0	0.11332983523607254	0.040720321238040924	-0.9927226901054382	-0.001249975524842739	-0.9991531372070312	-0.041126787662506104	-0.9935566782951355	0.005901771131902933	-0.11318295449018478
-0.8334137797355652	0.5615792274475098	0.25908681750297546	0.7516053915023804	0.8056783676147461	1.0	3	0.0	0	0.0	0	-0.14234992861747742	-0.7653979063034058	0.6276165246963501	0.4143025875091553	0.5297837257385254	0.7400558590888977	-0.8989382982254028	0.3653700351715088	0.24169164896011353
-0.5039453506469727	0.6656317710876465	0.46070897579193115	0.7690317630767822	0.7766936421394348	1.0	3	0.0	0	0.0	0	-0.14234992861747742	-0.7653979063034058	0.6276165246963501	0.4143025577068329	0.5297837257385254	0.7400558590888977	-0.8989382982254028	0.3653700351715088	0.24169166386127472
-0.8687744736671448	0.665461540222168	0.3777543604373932	0.7690317630767822	0.8193004131317139	1.0	3	0.0	0	0.0	0	-0.14234992861747742	-0.7653979063034058	0.6276165246963501	0.4143025875091553	0.5297837257385254	0.7400558590888977	-0.8989381790161133	0.3653700351715088	0.24169166386127472
-0.17412853240966797	0.5614790916442871	0.2215024083852768	0.7483956813812256	0.7466195225715637	1.0	3	0.0	0	0.0	0	0.05195694789290428	-0.8874181509017944	0.45802780985832214	0.026199808344244957	0.45970070362091064	0.8876873254776001	-0.9983055591583252	-0.03412128612399101	0.04713483154773712
-0.5039453506469727	0.6656317710876465	0.46070897579193115	0.7690317630767822	0.7766936421394348	1.0	3	0.0	0	0.0	0	0.05195694789290428	-0.8874181509017944	0.45802780985832214	0.026199812069535255	0.45970070362091064	0.8876873254776001	-0.9983055591583252	-0.034121282398700714	0.04713483154773712
-0.5037469863891602	0.5615792274475098	0.25908708572387695	0.7516053915023804	0.7761446833610535	1.0	3	0.0	0	0.0	0	0.05195694789290428	-0.8874181509017944	0.45802780985832214	0.026199810206890106	0.45970070362091064	0.8876873254776001	-0.9983055591583252	-0.034121282398700714	0.04713483154773712
-0.16592535376548767	0.22452211380004883	-0.5708856582641602	0.8870694041252136	0.717694103717804	1.0	4	0.0	0	0.0	0	0.14840342104434967	0.9582511186599731	-0.24439983069896698	0.9889202117919922	-0.14471395313739777	0.0330885611474514	-0.0036609135568141937	-0.2466023564338684	-0.969109833240509
-0.5040736794471741	0.3182082176208496	-0.40888696908950806	0.8609834909439087	0.7021663784980774	1.0	4	0.0	0	0.0	0	0.14840342104434967	0.9582511186599731	-0.24439983069896698	0.9889202117919922	-0.14471395313739777	0.0330885574221611	-0.003660917282104492	-0.2466023564338684	-0.969109833240509
-0.10319295525550842	0.27848005294799805	-0.3212334215641022	0.8939985632896423	0.6955149173736572	0.5	4	0.5	2	0.0	0	0.14840342104434967	0.9582511186599731	-0.24439983069896698	0.9889200925827026	-0.14471393823623657	0.033088549971580505	-0.0036609205417335033	-0.2466023564338684	-0.969109833240509
-0.24849772453308105	-6.226813793182373	-0.969612717628479	0.1572214812040329	0.8885942697525024	1.0	18	0.0	0	0.0	0	0.40524396300315857	-0.0909072533249855	0.9096775054931641	-0.9139726758003235	-0.06288959830999374	0.4008725881576538	0.020767027512192726	-0.9938716888427734	-0.10857238620519638
-0.3850647211074829	-6.81597375869751	-0.9676515460014343	0.17234057188034058	0.938669741153717	1.0	18	0.0	0	0.0	0	0.40524396300315857	-0.0909072533249855	0.9096775054931641	-0.9139726758003235	-0.06288959830999374	0.4008725881576538	0.020767027512192726	-0.9938716888427734	-0.10857238620519638
-0.21025827527046204	-6.81597375869751	-1.0455244779586792	0.15775702893733978	0.9397086501121521	1.0	18	0.0	0	0.0	0	0.40524396300315857	-0.0909072533249855	0.9096775054931641	-0.9139727354049683	-0.06288960576057434	0.4008725881576538	0.020767033100128174	-0.9938716292381287	-0.10857238620519638
-0.1318095326423645	-2.734201431274414	0.2537280321121216	0.41181299090385437	0.6239359378814697	0.5	13	0.5	0	0.0	0	0.13326382637023926	-0.9845759272575378	-0.11336251348257065	-0.03426221385598183	-0.118891142308712	0.9923160076141357	-0.9904882311820984	-0.12835578620433807	-0.04957763850688934
-0.5094689130783081	-2.759431838989258	0.028899921104311943	0.3934043347835541	0.6581767797470093	1.0	0	0.0	0	0.0	0	0.13326382637023926	-0.9845759272575378	-0.11336251348257065	-0.034262217581272125	-0.118891142308712	0.9923160076141357	-0.9904882311820984	-0.12835578620433807	-0.04957764595746994
-0.09162670373916626	-2.7013378143310547	0.01553810853511095	0.3914623558521271	0.6210967302322388	1.0	0	0.0	0	0.0	0	0.13326382637023926	-0.9845759272575378	-0.11336251348257065	-0.034262217581272125	-0.118891142308712	0.9923160076141357	-0.9904882311820984	-0.12835578620433807	-0.04957764595746994
-0.2671607732772827	-1.8742003440856934	0.7327674031257629	0.9448300004005432	0.14029699563980103	1.0	0	0.0	0	0.0	0	0.4317537844181061	0.1710328757762909	0.885627806186676	-0.8947530388832092	-0.04292954131960869	0.44449299573898315	0.11404251307249069	-0.9843297004699707	0.13449719548225403
-0.49802538752555847	-1.5291647911071777	0.7786831259727478	0.9628361463546753	0.10824529081583023	1.0	1	0.0	0	0.0	0	0.4317537844181061	0.1710328757762909	0.885627806186676	-0.8947529792785645	-0.04292954504489899	0.44449299573898315	0.11404251307249069	-0.9843296408653259	0.13449719548225403
-0.5019094944000244	-1.8742003440856934	0.8472101092338562	0.9650999307632446	0.13928326964378357	1.0	0	0.0	0	0.0	0	0.4317537844181061	0.1710328757762909	0.885627806186676	-0.894753098487854	-0.042929552495479584	0.44449302554130554	0.11404252797365189	-0.9843297004699707	0.13449721038341522
-0.28598400950431824	-1.5291647911071777	-0.590752124786377	0.8469725847244263	0.46088141202926636	1.0	1	0.0	0	0.0	0	0.45718812942504883	-0.061170000582933426	-0.8872640132904053	-0.8872455954551697	-0.10028370469808578	-0.4502648711204529	-0.06143542006611824	0.9930768013000488	-0.10012133419513702
-0.5213824510574341	-1.1184253692626953	-0.740365207195282	0.8637913465499878	0.5000548958778381	1.0	1	0.0	0	0.0	0	0.45718812942504883	-0.061170000582933426	-0.8872640132904053	-0.8872455954551697	-0.10028371214866638	-0.4502648711204529	-0.06143542751669884	0.9930768013000488	-0.10012134164571762
-0.2658705413341522	-1.1184253692626953	-0.6087054014205933	0.8421107530593872	0.49746808409690857	1.0	1	0.0	0	0.0	0	0.45718812942504883	-0.061170000582933426	-0.8872640132904053	-0.8872455954551697	-0.10028370469808578	-0.4502648711204529	-0.06143542006611824	0.9930768013000488	-0.10012133419513702
-0.09162670373916626	-2.7013378143310547	0.01553810853511095	0.3914623558521271	0.6210967302322388	1.0	0	0.0	0	0.0	0	0.017739176750183105	-0.9898595809936523	0.14093747735023499	-0.01885642111301422	0.14060336351394653	0.9898864030838013	-0.999664843082428	-0.020217347890138626	-0.01617102138698101
-0.5079445838928223	-2.7300877571105957	-0.13398398458957672	0.37956002354621887	0.6585959196090698	0.5	17	0.5	0	0.0	0	0.017739176750183105	-0.9898595809936523	0.14093747735023499	-0.01885642111301422	0.14060336351394653	0.989886462688446	-0.9996649026870728	-0.020217346027493477	-0.01617102138698101
-0.10252544283866882	-2.7300877571105957	-0.18501229584217072	0.374305784702301	0.6224135160446167	0.5	17	0.5	0	0.0	0	0.017739176750183105	-0.9898595809936523	0.14093747735023499	-0.01885642297565937	0.14060337841510773	0.989886462688446	-0.9996647834777832	-0.020217346027493477	-0.01617102138698101
-0.22456616163253784	-2.5291647911071777	-0.820538341999054	0.849301815032959	0.37201717495918274	0.5	17	0.5	16	0.0	0	0.4653087258338928	0.19914750754833221	-0.8624547123908997	-0.8658112287521362	-0.10015157610177994	-0.49024540185928345	-0.18400733172893524	0.974838376045227	0.1258227378129959
-0.5141960978507996	-2.2150983810424805	-0.9042781591415405	0.8715021014213562	0.40273019671440125	1.0	0	0.0	0	0.0	0	0.4653087258338928	0.19914750754833221	-0.8624547123908997	-0.8658112287521362	-0.10015157610177994	-0.49024540185928345	-0.18400733172893524	0.974838376045227	0.1258227378129959
-0.24027755856513977	-2.2150983810424805	-0.7564945220947266	0.8482624888420105	0.39993032813072205	1.0	0	0.0	0	0.0	0	0.4653087258338928	0.19914750754833221	-0.8624547123908997	-0.8658112287521362	-0.10015157610177994	-0.49024540185928345	-0.18400733172893524	0.974838376045227	0.1258227378129959
-0.5043182373046875	-0.3531522750854492	0.9830099940299988	0.0	0.0	0.5	9	0.5	8	0.0	0	0.0	0.0	0.0	1.0	0.0	0.0	0.0	0.0	0.0
-0.22527015209197998	-0.3531522750854492	0.8361148834228516	0.0	0.0	0.5	9	0.5	8	0.0	0	0.0	0.0	0.0	1.0	0.0	0.0	0.0	0.0	0.0
-0.5067839622497559	0.2911200523376465	0.754298210144043	0.8636756539344788	0.5978177785873413	1.0	8	0.0	0	0.0	0	0.2087182104587555	0.9539254307746887	0.21555285155773163	0.9748331308364868	-0.22058655321598053	0.03227834776043892	0.07833919674158096	0.203390970826149	-0.975958526134491
