3039	1036	20
-1.3799164295196533	-6.248358726501465	-0.4066820442676544	0.9776681661605835	0.4844936728477478	1.0	14	0.0	0	0.0	0	-0.930131733417511	0.07730165868997574	-0.3589979112148285	0.35447853803634644	-0.06634261459112167	-0.932707667350769	-0.09591671079397202	-0.9947980642318726	0.03430559113621712
-1.3740421533584595	-6.809846878051758	-0.5428048968315125	0.9916875958442688	0.5324466824531555	1.0	14	0.0	0	0.0	0	-0.930131733417511	0.07730165868997574	-0.3589979112148285	0.35447853803634644	-0.06634261459112167	-0.932707667350769	-0.09591671079397202	-0.9947980642318726	0.03430559113621712
-1.429284691810608	-6.809846878051758	-0.3996763825416565	0.9799976944923401	0.5333313941955566	1.0	14	0.0	0	0.0	0	-0.930131733417511	0.07730165868997574	-0.3589979112148285	0.35447853803634644	-0.06634262204170227	-0.9327077269554138	-0.09591670334339142	-0.9947980046272278	0.034305594861507416
-0.7493230700492859	0.2538881301879883	-0.8756105303764343	0.8322063684463501	0.5971214771270752	1.0	8	0.0	0	0.0	0	-0.21927011013031006	0.9704307913780212	-0.10091979056596756	-0.03433776646852493	0.09569727629423141	0.9948180317878723	0.9750598073005676	0.22159922122955322	0.012338874861598015
-1.028900146484375	0.22879409790039062	-0.5094695091247559	0.8631433248519897	0.5731552839279175	0.5	9	0.5	8	0.0	0	-0.21927011013031006	0.9704307913780212	-0.10091979056596756	-0.03433777391910553	0.09569728374481201	0.9948180913925171	0.9750597476959229	0.22159919142723083	0.012338878586888313
-0.754298210144043	0.2911200523376465	-0.5067839622497559	0.8636756539344788	0.5978177785873413	1.0	8	0.0	0	0.0	0	-0.21927011013031006	0.9704307913780212	-0.10091979056596756	-0.03433777019381523	0.09569728374481201	0.9948180913925171	0.9750597476959229	0.22159920632839203	0.012338876724243164
-0.6144329905509949	-0.03034687042236328	-0.1209527775645256	0.39170393347740173	0.05934464558959007	1.0	8	0.0	0	0.0	0	-0.3634480834007263	0.036325033754110336	0.9309059977531433	-0.9288129806518555	0.06330662220716476	-0.3651012182235718	-0.07219482213258743	-0.9973328709602356	0.010730491019785404
-0.8820051550865173	0.20269012451171875	-0.23451276123523712	0.41578537225723267	0.04011070355772972	0.5	9	0.5	8	0.0	0	-0.3634480834007263	0.036325033754110336	0.9309059977531433	-0.9288128614425659	0.06330660730600357	-0.3651011884212494	-0.07219482213258743	-0.9973328709602356	0.010730497539043427
-0.8590600490570068	-0.0621795654296875	-0.2152189165353775	0.41219332814216614	0.06368806213140488	0.5	9	0.5	8	0.0	0	-0.3634480834007263	0.036325033754110336	0.9309059977531433	-0.9288129210472107	0.06330660730600357	-0.3651011884212494	-0.07219481468200684	-0.9973328113555908	0.010730495676398277
-1.028900146484375	0.22879409790039062	-0.5094695091247559	0.0	0.0	0.5	9	0.5	8	0.0	0	0.0	0.0	0.0	1.0	0.0	0.0	0.0	0.0	0.0
-1.0258514881134033	0.1653609275817871	-0.862614095211029	0.0	0.0	0.5	9	0.5	8	0.0	0	0.0	0.0	0.0	1.0	0.0	0.0	0.0	0.0	0.0
0.6461670398712158	0.2266836166381836	-0.7828312516212463	0.6795256733894348	0.6257603168487549	1.0	4	0.0	0	0.0	0	0.2418133169412613	0.4426864981651306	-0.8634551763534546	-0.9680396914482117	0.049052800983190536	-0.24595355987548828	-0.0665254294872284	0.8953337073326111	0.44039973616600037
0.9452342987060547	-0.0621795654296875	-0.847174346446991	0.6528059840202332	0.6013153791427612	0.5	5	0.5	4	0.0	0	0.2418133169412613	0.4426864981651306	-0.8634551763534546	-0.9680396914482117	0.049052804708480835	-0.24595355987548828	-0.0665254220366478	0.8953337073326111	0.44039973616600037
0.6287059783935547	-0.030202388763427734	-0.9194246530532837	0.6800317764282227	0.6027387976646423	1.0	4	0.0	0	0.0	0	0.2418133169412613	0.4426864981651306	-0.8634551763534546	-0.9680396318435669	0.04905279353260994	-0.2459535449743271	-0.0665254220366478	0.8953336477279663	0.440399706363678
0.9042781591415405	-2.2150983810424805	-0.5141960978507996	0.8715021014213562	0.40273019671440125	1.0	0	0.0	0	0.0	0	0.9539968967437744	0.2165004462003708	-0.20740661025047302	-0.19453488290309906	-0.07940340787172318	-0.9776764512062073	-0.22813621163368225	0.973048210144043	-0.03363372012972832
0.902414083480835	-2.5291647911071777	-0.8506069779396057	0.9025252461433411	0.3773874044418335	0.5	17	0.5	16	0.0	0	0.9539968967437744	0.2165004462003708	-0.20740661025047302	-0.19453488290309906	-0.07940341532230377	-0.9776764512062073	-0.22813621163368225	0.973048210144043	-0.033633727580308914
0.8281671404838562	-2.2150983810424805	-0.8642798066139221	0.90131676197052	0.4052430987358093	1.0	0	0.0	0	0.0	0	0.9539968967437744	0.2165004462003708	-0.20740661025047302	-0.19453488290309906	-0.07940340787172318	-0.9776764512062073	-0.22813621163368225	0.973048210144043	-0.03363372012972832
-0.3558708131313324	0.0032987594604492188	-0.992601215839386	0.7642442584037781	0.6011625528335571	1.0	2	0.0	0	0.0	0	-0.07098492980003357	0.3289007544517517	-0.9416928887367249	-0.996048629283905	0.02713971585035324	0.08456123620271683	0.05336952954530716	0.9439744353294373	0.3256746232509613
-0.02906201034784317	0.29520559310913086	-0.9152831435203552	0.7378888130187988	0.6334763169288635	1.0	2	0.0	0	0.0	0	-0.07098492980003357	0.3289007544517517	-0.9416928887367249	-0.9960485696792603	0.027139712125062943	0.08456122875213623	0.05336952209472656	0.9439743757247925	0.3256746232509613
-0.028899861499667168	0.03623199462890625	-1.0057458877563477	0.7365190386772156	0.6056573390960693	1.0	2	0.0	0	0.0	0	-0.07098492980003357	0.3289007544517517	-0.9416928887367249	-0.9960486888885498	0.027139713987708092	0.08456123620271683	0.05336952954530716	0.943974494934082	0.3256746530532837
0.3212334215641022	0.27848005294799805	-0.10319296270608902	0.31398481130599976	0.025559941306710243	0.5	4	0.5	2	0.0	0	0.09404875338077545	0.2763279378414154	0.9564505815505981	-0.994311511516571	0.07431492954492569	0.07630134373903275	-0.049994368106126785	-0.9581858515739441	0.2817452847957611
-0.02890053577721119	0.03623199462890625	0.0012238923227414489	0.3424413204193115	0.04967908561229706	1.0	2	0.0	0	0.0	0	0.09404875338077545	0.2763279378414154	0.9564505815505981	-0.9943115711212158	0.07431493699550629	0.07630134373903275	-0.04999437928199768	-0.9581859111785889	0.2817453145980835
0.31217700242996216	0.0017747879028320312	-0.022359583526849747	0.31313851475715637	0.050484657287597656	1.0	2	0.0	0	0.0	0	0.09404875338077545	0.2763279378414154	0.9564505815505981	-0.9943115711212158	0.07431493699550629	0.07630134373903275	-0.049994368106126785	-0.9581859111785889	0.2817453145980835
-0.027114730328321457	0.469480037689209	-0.8238844275474548	0.7998960614204407	0.862686812877655	1.0	2	0.0	0	0.0	0	0.02130238711833954	-0.15583236515522003	-0.9875538349151611	-0.00465773930773139	-0.9877826571464539	0.1557680070400238	-0.999762237071991	0.001281537814065814	-0.021767955273389816
0.21558348834514618	0.5603132247924805	-0.8329823613166809	0.7920764684677124	0.8409397602081299	1.0	3	0.0	0	0.0	0	0.02130238711833954	-0.15583236515522003	-0.9875538349151611	-0.004657739773392677	-0.9877826571464539	0.1557680070400238	-0.999762237071991	0.0012815382797271013	-0.021767955273389816
0.20210927724838257	0.4424476623535156	-0.8146742582321167	0.802158534526825	0.8420993685722351	1.0	2	0.0	0	0.0	0	0.02130238711833954	-0.15583236515522003	-0.9875538349151611	-0.00465773930773139	-0.9877826571464539	0.1557680070400238	-0.999762237071991	0.001281537814065814	-0.021767955273389816
0.13398398458957672	-2.7300877571105957	-0.5079445838928223	0.37956002354621887	0.6585959196090698	0.5	17	0.5	0	0.0	0	-0.0002458095259498805	-1.0	-3.937031215173192e-05	-0.9996240735054016	0.00024679655325599015	-0.027417616918683052	0.0274176225066185	3.2615997042739764e-05	-0.9996240139007568
-0.028899753466248512	-2.730032444000244	-0.8959205746650696	0.39432376623153687	0.6929415464401245	1.0	0	0.0	0	0.0	0	-0.0002458095259498805	-1.0	-3.937031215173192e-05	-0.9996240139007568	0.0002467965241521597	-0.027417616918683052	0.027417626231908798	3.2615997042739764e-05	-0.9996240735054016
0.1948203146457672	-2.7300877571105957	-0.8877777457237244	0.37520870566368103	0.6927618384361267	0.5	17	0.5	0	0.0	0	-0.0002458095259498805	-1.0	-3.937031215173192e-05	-0.9996240139007568	0.0002467965241521597	-0.0274176187813282	0.027417628094553947	3.2615997042739764e-05	-0.9996240735054016
0.20204119384288788	-1.9377326965332031	-0.053714487701654434	0.310260146856308	0.22474738955497742	1.0	0	0.0	0	0.0	0	0.1102253720164299	-0.04960506409406662	0.9926679730415344	-0.9907084703445435	0.07457287609577179	0.11373430490493774	-0.07966790348291397	-0.995980978012085	-0.04092433676123619
-0.029048684984445572	-1.5291647911071777	-0.007637649308890104	0.3325851559638977	0.18976391851902008	1.0	1	0.0	0	0.0	0	0.1102253720164299	-0.04960506409406662	0.9926679730415344	-0.9907084703445435	0.07457287609577179	0.11373430490493774	-0.07966790348291397	-0.995980978012085	-0.04092433676123619
-0.028940841555595398	-1.9470114707946777	-0.028530031442642212	0.3299131989479065	0.22713212668895721	1.0	0	0.0	0	0.0	0	0.1102253720164299	-0.04960506409406662	0.9926679730415344	-0.9907085299491882	0.07457287609577179	0.11373431235551834	-0.07966790348291397	-0.9959810376167297	-0.04092433676123619
-0.2556953728199005	-1.9390335083007812	-0.9850770831108093	0.7470273375511169	0.4275543689727783	1.0	0	0.0	0	0.0	0	-0.03286296874284744	-0.05035226792097092	-0.9981906414031982	-0.9981637001037598	0.052501238882541656	0.03021373227238655	0.0508849136531353	0.9973505735397339	-0.05198515206575394
-0.029048217460513115	-1.5291647911071777	-1.013214111328125	0.7295580506324768	0.4653685688972473	1.0	1	0.0	0	0.0	0	-0.03286296874284744	-0.05035226792097092	-0.9981906414031982	-0.9981637597084045	0.05250124633312225	0.03021373227238655	0.0508849211037159	0.9973506331443787	-0.051985155791044235
-0.028940413147211075	-1.9470114707946777	-0.992139995098114	0.7276599407196045	0.42790839076042175	1.0	0	0.0	0	0.0	0	-0.03286296874284744	-0.05035226792097092	-0.9981906414031982	-0.9981637001037598	0.052501238882541656	0.03021373227238655	0.0508849136531353	0.9973505735397339	-0.05198515206575394
0.740365207195282	-1.1184253692626953	-0.5213824510574341	0.8637913465499878	0.5000548958778381	1.0	1	0.0	0	0.0	0	0.9993350505828857	-0.036463264375925064	5.711867743229959e-07	-0.003271195339038968	-0.08966802805662155	-0.995966374874115	0.03631623461842537	0.9953039884567261	-0.08972766995429993
0.7253785133361816	-1.5291647911071777	-0.8215831518173218	0.892479419708252	0.465735524892807	1.0	1	0.0	0	0.0	0	0.9993350505828857	-0.036463264375925064	5.711867743229959e-07	-0.003271194640547037	-0.08966801315546036	-0.9959663152694702	0.03631623461842537	0.9953040480613708	-0.08972766250371933
0.7403653860092163	-1.1184253692626953	-0.8347787261009216	0.89045250415802	0.5025784969329834	1.0	1	0.0	0	0.0	0	0.9993350505828857	-0.036463264375925064	5.711867743229959e-07	-0.0032711951062083244	-0.08966802060604095	-0.995966374874115	0.03631623461842537	0.9953039884567261	-0.08972766250371933
0.4802403748035431	-1.5291647911071777	-0.911101758480072	0.6859984993934631	0.4676979184150696	1.0	1	0.0	0	0.0	0	0.38778576254844666	0.04920194298028946	-0.92043536901474	-0.9214612245559692	0.04566612467169762	-0.3857768774032593	0.02305174618959427	0.9977443218231201	0.06304635852575302
0.7253767251968384	-1.8742003440856934	-0.8262680172920227	0.6634503602981567	0.43787500262260437	1.0	0	0.0	0	0.0	0	0.38778576254844666	0.04920194298028946	-0.92043536901474	-0.9214612245559692	0.045666128396987915	-0.3857768774032593	0.023051749914884567	0.9977443218231201	0.06304635852575302
0.5009503960609436	-1.9059662818908691	-0.9225184321403503	0.6825649738311768	0.43403270840644836	1.0	0	0.0	0	0.0	0	0.38778576254844666	0.04920194298028946	-0.92043536901474	-0.9214612245559692	0.045666128396987915	-0.3857768774032593	0.023051749914884567	0.9977443218231201	0.06304635852575302
-0.8472101092338562	-1.8742003440856934	-0.5019094944000244	0.9650999307632446	0.13928326964378357	1.0	0	0.0	0	0.0	0	-0.978850245475769	0.0021254499442875385	-0.20456723868846893	0.20399892330169678	-0.06506059318780899	-0.9768068194389343	-0.015385419130325317	-0.9978790879249573	0.06325098872184753
-0.7786828875541687	-1.5291647911071777	-0.826225996017456	0.9908087253570557	0.10644979029893875	1.0	1	0.0	0	0.0	0	-0.978850245475769	0.0021254499442875385	-0.20456723868846893	0.20399892330169678	-0.06506060063838959	-0.9768068194389343	-0.015385420992970467	-0.9978790879249573	0.06325099617242813
-0.775746762752533	-1.8742003440856934	-0.8438602089881897	0.9940807223320007	0.1372436285018921	1.0	0	0.0	0	0.0	0	-0.978850245475769	0.0021254499442875385	-0.20456723868846893	0.20399895310401917	-0.06506060063838959	-0.9768068790435791	-0.015385419130325317	-0.9978790283203125	0.06325098872184753
-0.5008372664451599	-1.90571928024292	-0.16307562589645386	0.37015751004219055	0.22637911140918732	1.0	0	0.0	0	0.0	0	-0.3887723982334137	0.14424748718738556	0.9099718928337097	-0.9142614603042603	0.06174144893884659	-0.40039220452308655	-0.11393855512142181	-0.9876136183738708	0.10787655413150787
-0.6679054498672485	-1.5291647911071777	-0.29414400458335876	0.38655564188957214	0.1936165690422058	1.0	1	0.0	0	0.0	0	-0.3887723982334137	0.14424748718738556	0.9099718928337097	-0.914261519908905	0.06174144893884659	-0.40039223432540894	-0.11393855512142181	-0.9876136779785156	0.10787655413150787
-0.7327674031257629	-1.8742003440856934	-0.2671607732772827	0.3899492621421814	0.22495689988136292	1.0	0	0.0	0	0.0	0	-0.3887723982334137	0.14424748718738556	0.9099718928337097	-0.9142614603042603	0.06174144521355629	-0.40039220452308655	-0.11393854022026062	-0.9876135587692261	0.10787653923034668
-0.029048684984445572	-1.5291647911071777	-0.007637649308890104	0.3325851559638977	0.18976391851902008	1.0	1	0.0	0	0.0	0	-0.10915198177099228	-0.04966745898127556	0.9927834272384644	-0.9918426871299744	0.07158732414245605	-0.10546714812517166	-0.06583242118358612	-0.9961969256401062	-0.05707620084285736
-0.25569579005241394	-1.9390335083007812	-0.05306157097220421	0.34923839569091797	0.22788231074810028	1.0	0	0.0	0	0.0	0	-0.10915198177099228	-0.04966745898127556	0.9927834272384644	-0.9918427467346191	0.07158733159303665	-0.10546715557575226	-0.06583242863416672	-0.996196985244751	-0.05707620829343796
-0.028940841555595398	-1.9470114707946777	-0.028530031442642212	0.3299131989479065	0.22713212668895721	1.0	0	0.0	0	0.0	0	-0.10915198177099228	-0.04966745898127556	0.9927834272384644	-0.9918427467346191	0.07158733159303665	-0.10546715557575226	-0.06583242863416672	-0.996196985244751	-0.05707620829343796
-0.5705623030662537	-1.90571928024292	-0.9234223961830139	0.7739579081535339	0.4290241599082947	1.0	0	0.0	0	0.0	0	-0.19768767058849335	-0.05736086517572403	-0.9785853624343872	-0.9794348478317261	0.05263402312994003	0.1947740614414215	0.04033447802066803	0.9969650506973267	-0.06658633053302765
-0.2867968678474426	-1.5291647911071777	-1.0028190612792969	0.7515293955802917	0.4641520082950592	1.0	1	0.0	0	0.0	0	-0.19768767058849335	-0.05736086517572403	-0.9785853624343872	-0.9794348478317261	0.05263402312994003	0.1947740614414215	0.04033447802066803	0.9969650506973267	-0.06658633053302765
-0.2556953728199005	-1.9390335083007812	-0.9850770831108093	0.7470273375511169	0.4275543689727783	1.0	0	0.0	0	0.0	0	-0.19768767058849335	-0.05736086517572403	-0.9785853624343872	-0.9794348478317261	0.052634019404649734	0.1947740614414215	0.04033447429537773	0.9969650506973267	-0.06658633053302765
-0.6899138689041138	-0.03034687042236328	-0.9643409848213196	0.7925515174865723	0.5965615510940552	1.0	8	0.0	0	0.0	0	-0.11145155131816864	0.31480446457862854	-0.9425903558731079	-0.9894925951957703	0.05275337025523186	0.1346157193183899	0.09210246056318283	0.947689414024353	0.3056173026561737
-0.4074353873729706	0.2942070960998535	-0.88934725522995	0.7698168754577637	0.6269293427467346	0.5	8	0.5	2	0.0	0	-0.11145155131816864	0.31480446457862854	-0.9425903558731079	-0.989492654800415	0.05275336652994156	0.1346157193183899	0.09210244566202164	0.9476893544197083	0.3056172728538513
-0.3558708131313324	0.0032987594604492188	-0.992601215839386	0.7642442584037781	0.6011625528335571	1.0	2	0.0	0	0.0	0	-0.11145155131816864	0.31480446457862854	-0.9425903558731079	-0.9894927144050598	0.052753373980522156	0.1346157342195511	0.09210245311260223	0.947689414024353	0.3056172728538513
-0.02890053577721119	0.03623199462890625	0.0012238923227414489	0.3424413204193115	0.04967908561229706	1.0	2	0.0	0	0.0	0	-0.08096181601285934	0.12719464302062988	0.9885680675506592	-0.9932883381843567	0.0719023123383522	-0.09059974551200867	-0.08260412514209747	-0.9892682433128357	0.12051961570978165
-0.3635501563549042	0.2811551094055176	-0.05769642814993858	0.3723946809768677	0.0298920925706625	0.5	8	0.5	2	0.0	0	-0.08096181601285934	0.12719464302062988	0.9885680675506592	-0.9932883381843567	0.0719023048877716	-0.09059974551200867	-0.08260412514209747	-0.9892682433128357	0.12051961570978165
-0.3558715581893921	0.0032987594604492188	-0.021317031234502792	0.370047390460968	0.05475381389260292	1.0	2	0.0	0	0.0	0	-0.08096181601285934	0.12719464302062988	0.9885680675506592	-0.9932883381843567	0.0719023123383522	-0.09059973806142807	-0.08260412514209747	-0.9892682433128357	0.12051961570978165
-0.027115190401673317	0.469480037689209	-0.17992189526557922	0.34473803639411926	0.010666795074939728	1.0	2	0.0	0	0.0	0	0.04421941190958023	-0.15703687071800232	0.9866023659706116	-0.995650589466095	0.07413650304079056	0.05642521381378174	-0.08200407773256302	-0.98480623960495	-0.15307556092739105
0.17799809575080872	0.5604133605957031	-0.17464125156402588	0.3278491497039795	0.0011830691946670413	1.0	3	0.0	0	0.0	0	0.04421941190958023	-0.15703687071800232	0.9866023659706116	-0.9956505298614502	0.07413650304079056	0.05642521381378174	-0.08200408518314362	-0.9848061800003052	-0.15307556092739105
-0.027118822559714317	0.588935375213623	-0.16090810298919678	0.34551966190338135	0.0	1.0	3	0.0	0	0.0	0	0.04421941190958023	-0.15703687071800232	0.9866023659706116	-0.9956504702568054	0.07413649559020996	0.05642520636320114	-0.08200407773256302	-0.9848061203956604	-0.15307554602622986
-0.19217178225517273	-2.734201431274414	-0.5094690322875977	0.4073954224586487	0.6579090356826782	0.5	13	0.5	0	0.0	0	-0.152287557721138	-0.9854885935783386	-0.07497131824493408	-0.9879019856452942	0.15403056144714355	-0.018009250983595848	0.0292957853525877	0.07132172584533691	-0.9970230460166931
-0.028899753466248512	-2.730032444000244	-0.8959205746650696	0.39432376623153687	0.6929415464401245	1.0	0	0.0	0	0.0	0	-0.152287557721138	-0.9854885935783386	-0.07497131824493408	-0.9879019260406494	0.15403054654598236	-0.0180092491209507	0.0292957853525877	0.07132173329591751	-0.9970231056213379
-0.02889992669224739	-2.759431838989258	-0.5094689130783081	0.3934043347835541	0.6581767797470093	1.0	0	0.0	0	0.0	0	-0.152287557721138	-0.9854885935783386	-0.07497131824493408	-0.9879019260406494	0.15403054654598236	-0.01800924725830555	0.02929578348994255	0.07132173329591751	-0.9970231056213379
-0.029048217460513115	-1.5291647911071777	-1.013214111328125	0.7295580506324768	0.4653685688972473	1.0	1	0.0	0	0.0	0	0.04107102379202843	-0.050317950546741486	-0.9978883862495422	-0.9976924061775208	0.05197565630078316	-0.04368380084633827	0.054063983261585236	0.9973798394203186	-0.04806714504957199
0.2020415961742401	-1.9377326965332031	-0.9831011295318604	0.7079897522926331	0.4298190474510193	1.0	0	0.0	0	0.0	0	0.04107102379202843	-0.050317950546741486	-0.9978883862495422	-0.9976924657821655	0.051975660026073456	-0.04368380457162857	0.05406399071216583	0.9973798990249634	-0.04806714504957199
-0.028940413147211075	-1.9470114707946777	-0.992139995098114	0.7276599407196045	0.42790839076042175	1.0	0	0.0	0	0.0	0	0.04107102379202843	-0.050317950546741486	-0.9978883862495422	-0.9976925253868103	0.05197566747665405	-0.04368380457162857	0.05406399443745613	0.9973799586296082	-0.04806715250015259
0.431410014629364	-1.9059662818908691	-0.16073250770568848	0.2907600700855255	0.2202581912279129	1.0	0	0.0	0	0.0	0	0.4282408654689789	-0.05298255756497383	0.9021100997924805	-0.8993639945983887	0.07228980958461761	0.43118298053741455	-0.08805853873491287	-0.9959754943847656	-0.016693152487277985
0.23510177433490753	-1.5291647911071777	-0.04541275277733803	0.3100293278694153	0.18797510862350464	1.0	1	0.0	0	0.0	0	0.4282408654689789	-0.05298255756497383	0.9021100997924805	-0.8993639349937439	0.07228980213403702	0.43118295073509216	-0.08805852383375168	-0.9959753751754761	-0.016693152487277985
0.20204119384288788	-1.9377326965332031	-0.053714487701654434	0.310260146856308	0.22474738955497742	1.0	0	0.0	0	0.0	0	0.4282408654689789	-0.05298255756497383	0.9021100997924805	-0.8993639349937439	0.07228980213403702	0.43118295073509216	-0.08805852383375168	-0.9959753751754761	-0.016693152487277985
-0.999768078327179	-6.26865291595459	-0.5876517295837402	0.08808419853448868	0.711155116558075	1.0	14	0.0	0	0.0	0	0.926155149936676	-0.17444323003292084	-0.33437415957450867	-0.34935611486434937	-0.06281416118144989	-0.9348822236061096	0.14208044111728668	0.9826616644859314	-0.11911846697330475
-1.033657193183899	-6.808889865875244	-0.3996763825416565	0.07633594423532486	0.6629202365875244	1.0	14	0.0	0	0.0	0	0.926155149936676	-0.17444323003292084	-0.33437415957450867	-0.349356085062027	-0.06281416863203049	-0.9348822236061096	0.14208044111728668	0.9826617240905762	-0.11911848187446594
-1.096813440322876	-6.808889865875244	-0.5746076107025146	0.09077861905097961	0.6639456748962402	1.0	14	0.0	0	0.0	0	0.926155149936676	-0.17444323003292084	-0.33437415957450867	-0.34935611486434937	-0.06281416118144989	-0.9348822236061096	0.14208044111728668	0.9826616644859314	-0.11911846697330475
0.6461670398712158	0.2266836166381836	-0.7828312516212463	0.8353862166404724	0.722560465335846	1.0	4	0.0	0	0.0	0	0.1524771749973297	0.9701194167137146	-0.18873031437397003	-0.03427060693502426	0.1960383951663971	0.9799971580505371	0.9877126812934875	-0.14295931160449982	0.0631379634141922
0.40888696908950806	0.3182082176208496	-0.5040736794471741	0.8609834909439087	0.7021663784980774	1.0	4	0.0	0	0.0	0	0.1524771749973297	0.9701194167137146	-0.18873031437397003	-0.03427060693502426	0.1960384100675583	0.9799972176551819	0.9877126216888428	-0.14295929670333862	0.0631379559636116
0.6899933815002441	0.273500919342041	-0.5067712068557739	0.8591392040252686	0.7273539900779724	1.0	4	0.0	0	0.0	0	0.1524771749973297	0.9701194167137146	-0.18873031437397003	-0.03427060693502426	0.1960383951663971	0.9799972176551819	0.9877126216888428	-0.14295929670333862	0.0631379559636116
0.5708856582641602	0.22452211380004883	-0.16592535376548767	0.2922857105731964	0.028664398938417435	1.0	4	0.0	0	0.0	0	0.30942609906196594	0.23457102477550507	0.9215377569198608	-0.9509212970733643	0.07425723224878311	0.3003906011581421	0.0020320937037467957	-0.9692586660385132	0.24603573977947235
0.31217700242996216	0.0017747879028320312	-0.022359583526849747	0.31313851475715637	0.050484657287597656	1.0	2	0.0	0	0.0	0	0.30942609906196594	0.23457102477550507	0.9215377569198608	-0.9509212970733643	0.07425722479820251	0.3003906011581421	0.0020320937037467957	-0.9692586660385132	0.24603573977947235
0.553424596786499	-0.03802156448364258	-0.09323377162218094	0.29223185777664185	0.052366919815540314	1.0	4	0.0	0	0.0	0	0.30942609906196594	0.23457102477550507	0.9215377569198608	-0.9509212970733643	0.07425723224878311	0.3003906011581421	0.0020320937037467957	-0.9692586660385132	0.24603573977947235
-0.028899861499667168	0.03623199462890625	-1.0057458877563477	0.7365190386772156	0.6056573390960693	1.0	2	0.0	0	0.0	0	0.07565377652645111	0.37089207768440247	-0.925589382648468	-0.9968095421791077	0.05181568115949631	-0.06071200221776962	0.025442441925406456	0.9272294044494629	0.3736288249492645
0.3212341368198395	0.26500368118286133	-0.8854565024375916	0.7075327634811401	0.6277311444282532	0.5	4	0.5	2	0.0	0	0.07565377652645111	0.37089207768440247	-0.925589382648468	-0.9968094825744629	0.05181567370891571	-0.060711998492479324	0.025442438200116158	0.9272293448448181	0.37362879514694214
0.3121776878833771	0.0017747879028320312	-0.9916749596595764	0.7072576284408569	0.6041622757911682	1.0	2	0.0	0	0.0	0	0.07565377652645111	0.37089207768440247	-0.925589382648468	-0.9968094825744629	0.05181567743420601	-0.060711994767189026	0.025442443788051605	0.9272293448448181	0.37362879514694214
0.21558348834514618	0.5603132247924805	-0.8329823613166809	0.7110695242881775	0.8056928515434265	1.0	3	0.0	0	0.0	0	2.8618291253224015e-05	-0.32226622104644775	-0.9466491341590881	-0.9966546297073364	0.07735972106456757	-0.026365574449300766	0.08172924071550369	0.9434828758239746	-0.3211858868598938
-0.028899870812892914	0.7050971984863281	-0.882278323173523	0.7322379350662231	0.8207705616950989	1.0	3	0.0	0	0.0	0	2.8618291253224015e-05	-0.32226622104644775	-0.9466491341590881	-0.9966545701026917	0.07735971361398697	-0.026365570724010468	0.08172924071550369	0.9434829354286194	-0.3211858868598938
0.3478947579860687	0.663975715637207	-0.8682680130004883	0.6928957104682922	0.8193473815917969	1.0	3	0.0	0	0.0	0	2.8618291253224015e-05	-0.32226622104644775	-0.9466491341590881	-0.9966545104980469	0.07735971361398697	-0.02636556886136532	0.08172924071550369	0.9434828758239746	-0.3211858868598938
0.17799809575080872	0.5604133605957031	-0.17464125156402588	0.7142792344093323	0.7467101812362671	1.0	3	0.0	0	0.0	0	-0.1151103749871254	-0.9566433429718018	0.2675504982471466	-0.9926267266273499	0.12107055634260178	0.00582959596067667	-0.037969332188367844	-0.26490670442581177	-0.96352618932724
-0.028900574892759323	0.650794506072998	0.05950644612312317	0.7321286797523499	0.7261911034584045	1.0	3	0.0	0	0.0	0	-0.1151103749871254	-0.9566433429718018	0.2675504982471466	-0.9926267862319946	0.12107056379318237	0.00582959596067667	-0.03796933591365814	-0.26490673422813416	-0.9635262489318848
-0.027118822559714317	0.588935375213623	-0.16090810298919678	0.7318520545959473	0.745606541633606	1.0	3	0.0	0	0.0	0	-0.1151103749871254	-0.9566433429718018	0.2675504982471466	-0.9926267862319946	0.12107056379318237	0.0058295936323702335	-0.037969332188367844	-0.26490673422813416	-0.9635262489318848
-0.027114730328321457	0.469480037689209	-0.8238844275474548	0.7998960614204407	0.862686812877655	1.0	2	0.0	0	0.0	0	-0.021301457658410072	-0.15583296120166779	-0.9875537157058716	-0.004661938175559044	-0.9877516627311707	0.15596474707126617	-0.9997621774673462	0.00792619027197361	0.020314063876867294
-0.25908681750297546	0.5615792274475098	-0.8334137797355652	0.7920764684677124	0.8835362792015076	1.0	3	0.0	0	0.0	0	-0.021301457658410072	-0.15583296120166779	-0.9875537157058716	-0.004661937709897757	-0.9877516031265259	0.15596474707126617	-0.999762237071991	0.00792619027197361	0.020314065739512444
-0.02711833454668522	0.588935375213623	-0.8427340388298035	0.7896809577941895	0.8627377152442932	1.0	3	0.0	0	0.0	0	-0.021301457658410072	-0.15583296120166779	-0.9875537157058716	-0.004661938175559044	-0.9877516031265259	0.15596474707126617	-0.999762237071991	0.007926191203296185	0.020314065739512444
-0.027115190401673317	0.469480037689209	-0.17992189526557922	0.34473803639411926	0.010666795074939728	1.0	2	0.0	0	0.0	0	-0.04170193523168564	-0.15031422674655914	0.9877583980560303	-0.9968509078025818	0.07299809157848358	-0.030977170914411545	-0.06744816154241562	-0.9859395623207092	-0.15288501977920532
-0.2215024083852768	0.5614790916442871	-0.17412853240966797	0.3618820905685425	0.0037221394013613462	1.0	3	0.0	0	0.0	0	-0.04170193523168564	-0.15031422674655914	0.9877583980560303	-0.9968509078025818	0.07299809157848358	-0.030977170914411545	-0.06744816154241562	-0.9859395623207092	-0.15288501977920532
-0.22901439666748047	0.44359683990478516	-0.19238466024398804	0.3617516756057739	0.014298605732619762	1.0	2	0.0	0	0.0	0	-0.04170193523168564	-0.15031422674655914	0.9877583980560303	-0.9968509078025818	0.07299809157848358	-0.030977170914411545	-0.06744816154241562	-0.9859395623207092	-0.15288501977920532
0.20210927724838257	0.4424476623535156	-0.8146742582321167	0.6907872557640076	0.7848606109619141	1.0	2	0.0	0	0.0	0	0.9855185747146606	0.1399274319410324	-0.09577805548906326	0.14044663310050964	-0.9900873899459839	-0.0013323661405593157	-0.09501507878303528	-0.012138633988797665	-0.9954018592834473
0.21558326482772827	0.5603132247924805	-0.503835916519165	0.6806467771530151	0.7569758892059326	1.0	3	0.0	0	0.0	0	0.9855185747146606	0.1399274319410324	-0.09577805548906326	0.14044663310050964	-0.9900873899459839	-0.0013323660241439939	-0.09501507878303528	-0.012138633988797665	-0.9954018592834473
0.23170869052410126	0.4467611312866211	-0.5038061141967773	0.6902740597724915	0.7569594979286194	1.0	2	0.0	0	0.0	0	0.9855185747146606	0.1399274319410324	-0.09577805548906326	0.14044663310050964	-0.9900873899459839	-0.0013323661405593157	-0.09501507878303528	-0.012138633988797665	-0.9954018592834473
-0.22901439666748047	0.44359683990478516	-0.19238466024398804	0.8043805956840515	0.635138988494873	1.0	2	0.0	0	0.0	0	-0.9648699164390564	0.2008945792913437	0.16931481659412384	0.20285218954086304	0.9791920185089111	-0.005837583914399147	-0.16696444153785706	0.028713371604681015	-0.9855448007583618
-0.25908708572387695	0.5615792274475098	-0.5037469863891602	0.8144208788871765	0.6631339192390442	1.0	3	0.0	0	0.0	0	-0.9648699164390564	0.2008945792913437	0.16931481659412384	0.20285217463970184	0.9791919589042664	-0.00583758344873786	-0.16696444153785706	0.028713371604681015	-0.985544741153717
-0.28014108538627625	0.46043872833251953	-0.5037221312522888	0.8057350516319275	0.6631860136985779	1.0	2	0.0	0	0.0	0	-0.9648699164390564	0.2008945792913437	0.16931481659412384	0.20285217463970184	0.9791919589042664	-0.005837583914399147	-0.16696444153785706	0.028713371604681015	-0.985544741153717
-0.24620142579078674	0.44364261627197266	-0.8150816559791565	0.8044200539588928	0.6910447478294373	1.0	2	0.0	0	0.0	0	-0.9940842986106873	-0.10861071944236755	-8.08798972684599e-07	-0.10861050337553024	0.9940823316574097	0.0020063684787601233	-0.00021710914734285325	0.001994587481021881	-0.9999980330467224
-0.25908708572387695	0.5615792274475098	-0.5037469863891602	0.8144208788871765	0.6631339192390442	1.0	3	0.0	0	0.0	0	-0.9940842986106873	-0.10861071944236755	-8.08798972684599e-07	-0.10861050337553024	0.9940823316574097	0.0020063684787601233	-0.00021710914734285325	0.001994587481021881	-0.9999980330467224
-0.25908681750297546	0.5615792274475098	-0.8334137797355652	0.814461350440979	0.692710816860199	1.0	3	0.0	0	0.0	0	-0.9940842986106873	-0.10861071944236755	-8.08798972684599e-07	-0.10861051082611084	0.9940823912620544	0.002006368711590767	-0.00021710914734285325	0.001994587481021881	-0.9999979734420776
0.1849212795495987	0.4424934387207031	-0.1929159164428711	0.6907872557640076	0.7290617227554321	1.0	2	0.0	0	0.0	0	0.9927226901054382	0.040720321238040924	0.11332983523607254	0.041126787662506104	-0.9991531372070312	-0.001249975524842739	0.11318295449018478	0.005901771131902933	-0.9935566782951355
0.21558326482772827	0.5603132247924805	-0.503835916519165	0.6806467771530151	0.7569758892059326	1.0	3	0.0	0	0.0	0	0.9927226901054382	0.040720321238040924	0.11332983523607254	0.0411267913877964	-0.999153196811676	-0.0012499750591814518	0.11318294703960419	0.0059017702005803585	-0.9935566186904907
0.17799809575080872	0.5604133605957031	-0.17464125156402588	0.6807500123977661	0.7274350523948669	1.0	3	0.0	0	0.0	0	0.9927226901054382	0.040720321238040924	0.11332983523607254	0.041126787662506104	-0.9991531372070312	-0.001249975524842739	0.11318295449018478	0.005901771131902933	-0.9935566782951355
-0.25908681750297546	0.5615792274475098	-0.8334137797355652	0.7516053915023804	0.8056783676147461	1.0	3	0.0	0	0.0	0	-0.6276165246963501	-0.7653979063034058	-0.14234992861747742	-0.7400558590888977	0.5297837257385254	0.41430261731147766	-0.24169164896011353	0.3653700053691864	-0.8989381790161133
-0.46070897579193115	0.6656317710876465	-0.5039453506469727	0.7690317630767822	0.7766936421394348	1.0	3	0.0	0	0.0	0	-0.6276165246963501	-0.7653979063034058	-0.14234992861747742	-0.7400558590888977	0.5297837257385254	0.41430261731147766	-0.24169164896011353	0.3653700053691864	-0.8989381790161133
-0.3777543604373932	0.665461540222168	-0.8687744736671448	0.7690317630767822	0.8193004131317139	1.0	3	0.0	0	0.0	0	-0.6276165246963501	-0.7653979063034058	-0.14234992861747742	-0.7400558590888977	0.5297837257385254	0.41430261731147766	-0.24169164896011353	0.3653700053691864	-0.8989381790161133
-0.2215024083852768	0.5614790916442871	-0.17412853240966797	0.7483956813812256	0.7466195225715637	1.0	3	0.0	0	0.0	0	-0.45802780985832214	-0.8874181509017944	0.05195694789290428	-0.8876873850822449	0.45970073342323303	0.026199813932180405	-0.04713483899831772	-0.034121282398700714	-0.99830561876297
-0.46070897579193115	0.6656317710876465	-0.5039453506469727	0.7690317630767822	0.7766936421394348	1.0	3	0.0	0	0.0	0	-0.45802780985832214	-0.8874181509017944	0.05195694789290428	-0.8876873850822449	0.45970073342323303	0.026199815794825554	-0.04713483899831772	-0.03412128612399101	-0.9983055591583252
-0.25908708572387695	0.5615792274475098	-0.5037469863891602	0.7516053915023804	0.7761446833610535	1.0	3	0.0	0	0.0	0	-0.45802780985832214	-0.8874181509017944	0.05195694789290428	-0.8876873850822449	0.45970073342323303	0.026199817657470703	-0.04713483899831772	-0.034121282398700714	-0.99830561876297
0.5708856582641602	0.22452211380004883	-0.16592535376548767	0.8870694041252136	0.717694103717804	1.0	4	0.0	0	0.0	0	0.24439983069896698	0.9582511186599731	0.14840342104434967	-0.0330885574221611	-0.14471395313739777	0.9889202117919922	0.969109833240509	-0.2466023564338684	-0.003660917282104492
0.40888696908950806	0.3182082176208496	-0.5040736794471741	0.8609834909439087	0.7021663784980774	1.0	4	0.0	0	0.0	0	0.24439983069896698	0.9582511186599731	0.14840342104434967	-0.0330885574221611	-0.14471395313739777	0.9889202117919922	0.969109833240509	-0.2466023564338684	-0.003660917282104492
0.3212334215641022	0.27848005294799805	-0.10319296270608902	0.8939985632896423	0.6955149173736572	0.5	4	0.5	2	0.0	0	0.24439983069896698	0.9582511186599731	0.14840342104434967	-0.033088553696870804	-0.14471393823623657	0.9889200925827026	0.969109833240509	-0.2466023564338684	-0.003660916816443205
0.969612717628479	-6.226813793182373	-0.24849773943424225	0.1572214812040329	0.8885942697525024	1.0	18	0.0	0	0.0	0	-0.9096775650978088	-0.0909072607755661	0.40524399280548096	-0.4008725583553314	-0.06288959830999374	-0.9139726161956787	0.10857237875461578	-0.9938715696334839	0.020767031237483025
0.9676515460014343	-6.81597375869751	-0.3850647211074829	0.17234057188034058	0.938669741153717	1.0	18	0.0	0	0.0	0	-0.9096775650978088	-0.0909072607755661	0.40524399280548096	-0.4008725583553314	-0.06288959830999374	-0.9139726161956787	0.10857237875461578	-0.9938715696334839	0.020767031237483025
1.0455244779586792	-6.81597375869751	-0.21025829017162323	0.15775702893733978	0.9397086501121521	1.0	18	0.0	0	0.0	0	-0.9096775650978088	-0.0909072607755661	0.40524399280548096	-0.4008726179599762	-0.06288960576057434	-0.9139726758003235	0.10857238620519638	-0.9938716292381287	0.020767033100128174
-0.2537280321121216	-2.734201431274414	-0.1318095326423645	0.41181299090385437	0.6239359378814697	0.5	13	0.5	0	0.0	0	0.11336251348257065	-0.9845759868621826	0.13326382637023926	-0.9923160076141357	-0.11889112740755081	-0.03426221385598183	0.049577631056308746	-0.12835577130317688	-0.9904881715774536
-0.02889992669224739	-2.759431838989258	-0.5094689130783081	0.3934043347835541	0.6581767797470093	1.0	0	0.0	0	0.0	0	0.11336251348257065	-0.9845759868621826	0.13326382637023926	-0.992315948009491	-0.11889111995697021	-0.03426221013069153	0.049577631056308746	-0.12835577130317688	-0.9904882311820984
-0.015538109466433525	-2.7013378143310547	-0.09162670373916626	0.3914623558521271	0.6210967302322388	1.0	0	0.0	0	0.0	0	0.11336251348257065	-0.9845759868621826	0.13326382637023926	-0.9923160672187805	-0.11889113485813141	-0.03426221385598183	0.049577634781599045	-0.12835577130317688	-0.9904882311820984
-0.7327674031257629	-1.8742003440856934	-0.2671607732772827	0.9448300004005432	0.14029699563980103	1.0	0	0.0	0	0.0	0	-0.885627806186676	0.1710328757762909	0.4317537844181061	-0.44449302554130554	-0.04292954504489899	-0.894753098487854	-0.13449719548225403	-0.9843296408653259	0.1140425056219101
-0.7786831259727478	-1.5291647911071777	-0.49802538752555847	0.9628361463546753	0.10824529081583023	1.0	1	0.0	0	0.0	0	-0.885627806186676	0.1710328757762909	0.4317537844181061	-0.44449299573898315	-0.04292954131960869	-0.8947530388832092	-0.13449719548225403	-0.9843297004699707	0.11404251307249069
-0.8472101092338562	-1.8742003440856934	-0.5019094944000244	0.9650999307632446	0.13928326964378357	1.0	0	0.0	0	0.0	0	-0.885627806186676	0.1710328757762909	0.4317537844181061	-0.44449299573898315	-0.04292954131960869	-0.8947530388832092	-0.13449719548225403	-0.9843297004699707	0.11404251307249069
0.590752124786377	-1.5291647911071777	-0.28598400950431824	0.8469725847244263	0.46088141202926636	1.0	1	0.0	0	0.0	0	0.8872640132904053	-0.061170000582933426	0.45718812942504883	0.4502648413181305	-0.100283682346344	-0.8872455954551697	0.10012132674455643	0.9930768013000488	-0.06143540143966675
0.740365207195282	-1.1184253692626953	-0.5213824510574341	0.8637913465499878	0.5000548958778381	1.0	1	0.0	0	0.0	0	0.8872640132904053	-0.061170000582933426	0.45718812942504883	0.4502648711204529	-0.10028370469808578	-0.8872456550598145	0.10012132674455643	0.9930768013000488	-0.061435408890247345
0.6087054014205933	-1.1184253692626953	-0.2658705413341522	0.8421107530593872	0.49746808409690857	1.0	1	0.0	0	0.0	0	0.8872640132904053	-0.061170000582933426	0.45718812942504883	0.4502648115158081	-0.1002836748957634	-0.8872455358505249	0.10012131929397583	0.993076741695404	-0.06143539771437645
-0.015538109466433525	-2.7013378143310547	-0.09162670373916626	0.3914623558521271	0.6210967302322388	1.0	0	0.0	0	0.0	0	-0.14093747735023499	-0.9898595809936523	0.017739176750183105	-0.989886462688446	0.14060336351394653	-0.018856419250369072	0.016171017661690712	-0.020217344164848328	-0.9996647834777832
0.13398398458957672	-2.7300877571105957	-0.5079445838928223	0.37956002354621887	0.6585959196090698	0.5	17	0.5	0	0.0	0	-0.14093747735023499	-0.9898595809936523	0.017739176750183105	-0.9898864030838013	0.14060336351394653	-0.01885642111301422	0.01617102138698101	-0.020217347890138626	-0.999664843082428
0.18501229584217072	-2.7300877571105957	-0.10252544283866882	0.374305784702301	0.6224135160446167	0.5	17	0.5	0	0.0	0	-0.14093747735023499	-0.9898595809936523	0.017739176750183105	-0.989886462688446	0.14060336351394653	-0.01885642111301422	0.01617101952433586	-0.020217346027493477	-0.9996647834777832
0.820538341999054	-2.5291647911071777	-0.22456617653369904	0.849301815032959	0.37201717495918274	0.5	17	0.5	16	0.0	0	0.8624545931816101	0.19914750754833221	0.4653087258338928	0.4902454912662506	-0.10015157610177994	-0.865811288356781	-0.1258227676153183	0.9748384356498718	-0.18400734663009644
0.9042781591415405	-2.2150983810424805	-0.5141960978507996	0.8715021014213562	0.40273019671440125	1.0	0	0.0	0	0.0	0	0.8624545931816101	0.19914750754833221	0.4653087258338928	0.4902454614639282	-0.10015157610177994	-0.8658112287521362	-0.1258227378129959	0.974838376045227	-0.18400736153125763
0.7564945220947266	-2.2150983810424805	-0.24027757346630096	0.8482624888420105	0.39993032813072205	1.0	0	0.0	0	0.0	0	0.8624545931816101	0.19914750754833221	0.4653087258338928	0.4902454912662506	-0.10015158355236053	-0.865811288356781	-0.1258227676153183	0.9748384356498718	-0.18400736153125763
-0.9830099940299988	-0.3531522750854492	-0.5043182373046875	0.0	0.0	0.5	9	0.5	8	0.0	0	0.0	0.0	0.0	1.0	0.0	0.0	0.0	0.0	0.0
-0.8361148834228516	-0.3531522750854492	-0.2252701371908188	0.0	0.0	0.5	9	0.5	8	0.0	0	0.0	0.0	0.0	1.0	0.0	0.0	0.0	0.0	0.0
